,rid
0,295
1,295
2,413
3,413
4,413
5,413
6,685
7,685
8,729
9,729
10,729
11,1155
12,1155
13,1155
14,1155
15,1155
16,1261
17,1261
18,1261
19,1261
20,1261
21,1268
22,1280
23,1280
24,1280
25,1280
26,2010
27,2010
28,2010
29,2010
30,2010
31,2043
32,2043
33,2043
34,2073
35,2073
36,2073
37,2073
38,2073
39,2073
40,4171
41,4171
42,4171
43,4213
44,4213
45,4213
46,4213
47,4213
48,4213
49,4219
50,4219
51,4219
52,4219
53,4225
54,4225
55,4225
56,4225
57,4225
58,4225
59,4229
60,4229
61,4229
62,4229
63,4229
64,4229
65,4229
66,4237
67,4237
68,4237
69,4237
70,4251
71,4251
72,4262
73,4262
74,4262
75,4262
76,4264
77,4270
78,4270
79,4270
80,4270
81,4270
82,4447
83,4447
84,4447
85,4447
86,4473
87,4473
88,4473
89,4473
90,4473
91,4473
92,4521
93,4521
94,4521
95,4521
96,4654
97,4654
98,4654
99,4654
100,4654
101,4654
102,4746
103,4746
104,4746
105,4746
106,4799
107,4799
108,4799
109,4799
110,4799
111,4799
112,5018
113,5018
114,5178
115,5178
116,5178
117,5230
118,5230
119,5230
120,5230
121,6007
122,6007
123,6009
124,6030
125,6053
126,6066
127,6103
128,6404
129,6456
130,908
131,908
132,908
133,1074
134,1122
135,1122
136,2374
137,4119
138,4119
139,4288
140,4288
141,4350
142,4354
143,4354
144,4354
145,4354
146,4441
147,4644
148,4644
149,4644
150,4872
151,4900
152,4900
153,5130
154,5130
155,5154
156,6014
157,6014
158,6014
159,6067
160,6067
161,6067
162,6256
163,6256
164,6257
165,6258
166,6258
167,6258
168,6259
169,6259
170,6260
171,6260
172,6260
173,6264
174,6268
175,6268
176,6268
177,6307
178,6307
179,6432
180,6432
181,6479
182,6606
183,6606
184,6644
185,6833
186,6915
187,6924
188,6954
189,6959
190,6996
191,7010
192,602
193,610
194,4185
195,4185
196,6084
197,6393
198,6427
199,731
200,4150
201,4150
202,4150
203,4150
204,4153
205,4153
206,4153
207,4153
208,4153
209,4192
210,4192
211,4192
212,4192
213,4346
214,4346
215,4346
216,4346
217,4357
218,4357
219,4357
220,4357
221,4357
222,4363
223,4363
224,4363
225,4363
226,4363
227,4449
228,4449
229,4449
230,4449
231,4485
232,4485
233,4485
234,4485
235,4515
236,4515
237,4515
238,4515
239,4546
240,4546
241,4546
242,4679
243,4679
244,4679
245,4679
246,4713
247,4713
248,4713
249,4713
250,4867
251,4867
252,4867
253,4867
254,4960
255,4960
256,4960
257,5153
258,5153
259,2394
260,4488
261,4516
262,4611
263,4611
264,4620
265,4637
266,5265
267,751
268,751
269,751
270,751
271,751
272,4324
273,4324
274,4612
275,4612
276,5176
277,6163
278,6212
279,6402
280,419
281,4345
282,4345
283,4345
284,4345
285,4442
286,4442
287,4442
288,6748
289,21
290,4105
291,4278
292,4278
293,4547
294,4827
295,4893
296,6303
297,6303
298,6367
299,6367
300,6418
301,6465
302,6465
303,6618
304,6714
305,7048
306,4012
307,4012
308,4012
309,4012
310,4026
311,4026
312,4026
313,4026
314,4094
315,4094
316,4094
317,4094
318,4094
319,4094
320,4094
321,4094
322,4128
323,4128
324,4128
325,4128
326,4128
327,4188
328,4188
329,4188
330,4188
331,4188
332,4545
333,4545
334,4643
335,4643
336,4643
337,4643
338,4643
339,4643
340,4643
341,4849
342,4849
343,4849
344,4987
345,4987
346,4987
347,5121
348,5121
349,5157
350,5157
351,5157
352,5195
353,5195
354,5213
355,6073
356,6073
357,6073
358,6073
359,6503
360,6760
361,6760
362,1186
363,1186
364,2324
365,2324
366,2324
367,2324
368,2389
369,2389
370,2389
371,2389
372,2389
373,4268
374,4268
375,4268
376,4268
377,4268
378,4395
379,4395
380,4395
381,4395
382,4579
383,4579
384,4579
385,4580
386,4580
387,4580
388,4580
389,4580
390,4595
391,4595
392,4595
393,4595
394,4616
395,4616
396,4616
397,4791
398,4791
399,4791
400,4917
401,4917
402,4917
403,4917
404,4985
405,4985
406,5071
407,5071
408,5071
409,5137
410,5137
411,5171
412,6206
413,6206
414,6768
415,6780
416,2308
417,2308
418,2308
419,2308
420,2308
421,4401
422,4401
423,4401
424,4576
425,4576
426,4576
427,6076
428,6076
429,6076
430,6076
431,6145
432,6145
433,6145
434,6148
435,6199
436,6199
437,6424
438,6424
439,6437
440,6437
441,6502
442,6522
443,6522
444,6522
445,6765
446,6765
447,6765
448,6831
449,6920
450,6935
451,6944
452,6988
453,7072
454,7080
455,4121
456,4902
457,4902
458,4951
459,4951
460,6381
461,6381
462,6790
463,6790
464,6800
465,6816
466,6816
467,6839
468,6892
469,6934
470,6939
471,6941
472,6941
473,6943
474,6971
475,7039
476,2133
477,2133
478,2133
479,2133
480,2133
481,2138
482,2138
483,2138
484,2155
485,2155
486,2155
487,2155
488,2155
489,2155
490,2180
491,2180
492,2180
493,2180
494,2180
495,2180
496,4257
497,4257
498,4257
499,4313
500,4313
501,4313
502,4349
503,4349
504,4349
505,4349
506,4349
507,4399
508,4399
509,4399
510,4399
511,4400
512,4400
513,4400
514,4400
515,4597
516,4597
517,4597
518,4696
519,4696
520,4696
521,4733
522,4733
523,4733
524,4809
525,4809
526,4809
527,4809
528,4868
529,4868
530,4868
531,4889
532,4889
533,4889
534,4889
535,5240
536,5250
537,5262
538,4252
539,4252
540,4252
541,4252
542,4252
543,4285
544,4285
545,4285
546,4285
547,4293
548,4293
549,4293
550,4293
551,4293
552,4367
553,4367
554,4367
555,4367
556,4477
557,4477
558,4477
559,4477
560,4477
561,4548
562,4548
563,4548
564,4548
565,4549
566,4549
567,4549
568,4549
569,4680
570,4680
571,4680
572,4835
573,4835
574,4835
575,4835
576,5012
577,5012
578,5012
579,5012
580,5019
581,5019
582,5019
583,5242
584,5140
585,5140
586,5203
587,5203
588,6185
589,6185
590,6227
591,6227
592,6282
593,6358
594,6449
595,6449
596,6470
597,6504
598,6513
599,6513
600,6566
601,6901
602,178
603,178
604,178
605,337
606,337
607,626
608,4254
609,4254
610,4276
611,4276
612,4276
613,4335
614,4419
615,4659
616,4744
617,4744
618,5194
619,5194
620,5194
621,5236
622,5237
623,5237
624,5237
625,6312
626,6312
627,6312
628,6890
629,6896
630,6896
631,6910
632,6914
633,6918
634,6940
635,6987
636,6994
637,6994
638,7045
639,7055
640,7062
641,7092
642,2263
643,2263
644,2379
645,2379
646,5004
647,5004
648,5004
649,5004
650,6013
651,6013
652,6013
653,6716
654,6716
655,6716
656,2239
657,4084
658,4674
659,4674
660,5290
661,6005
662,6033
663,6033
664,6184
665,6202
666,6385
667,74
668,74
669,120
670,2219
671,2219
672,2219
673,2219
674,2245
675,2245
676,2245
677,2245
678,2245
679,2245
680,4869
681,4869
682,4869
683,4869
684,4869
685,4869
686,4919
687,4919
688,4919
689,4919
690,4919
691,5079
692,5083
693,5093
694,5093
695,5093
696,5093
697,5109
698,5118
699,5118
700,5118
701,5169
702,5169
703,5169
704,5170
705,5170
706,5277
707,5288
708,5288
709,5288
710,6001
711,6001
712,6001
713,6002
714,6002
715,6002
716,6034
717,6034
718,6183
719,6183
720,6317
721,6327
722,6327
723,6370
724,6370
725,6370
726,6463
727,6516
728,6577
729,6577
730,6582
731,6582
732,6640
733,6640
734,6643
735,6643
736,6643
737,6648
738,6733
739,6788
740,6788
741,6842
742,6849
743,6961
744,6965
745,7007
746,7024
747,7071
748,2395
749,2395
750,4290
751,4290
752,4384
753,4384
754,4384
755,4585
756,4585
757,5158
758,5158
759,5219
760,5219
761,5219
762,6289
763,6505
764,6726
765,6726
766,6798
767,6798
768,2018
769,2018
770,2018
771,2018
772,2018
773,2018
774,2022
775,2022
776,2022
777,2022
778,2022
779,2022
780,2233
781,2233
782,2233
783,2233
784,2233
785,4005
786,4005
787,4005
788,4005
789,4021
790,4021
791,4021
792,4021
793,4024
794,4024
795,4024
796,4024
797,4029
798,4029
799,4029
800,4029
801,4032
802,4032
803,4032
804,4032
805,4032
806,4042
807,4042
808,4042
809,4042
810,4149
811,4149
812,4149
813,4149
814,4149
815,4194
816,4194
817,4194
818,4194
819,4194
820,4203
821,4203
822,4203
823,4203
824,4203
825,4218
826,4218
827,4218
828,4218
829,4218
830,4474
831,4474
832,4474
833,4476
834,4476
835,4476
836,4476
837,4496
838,4496
839,4496
840,4496
841,4590
842,4590
843,4590
844,4590
845,4721
846,4721
847,4721
848,4721
849,4947
850,4947
851,4947
852,4947
853,677
854,677
855,1169
856,2119
857,4277
858,4277
859,4429
860,5289
861,5289
862,5289
863,6211
864,6211
865,6279
866,6279
867,6293
868,6293
869,6294
870,6600
871,6600
872,6602
873,6602
874,6699
875,6700
876,6701
877,6709
878,6717
879,6804
880,734
881,1016
882,1098
883,4176
884,4176
885,4177
886,4179
887,4179
888,5198
889,5198
890,5198
891,5198
892,5259
893,5259
894,5259
895,6266
896,6266
897,6266
898,6298
899,6298
900,6352
901,6352
902,6352
903,6352
904,6497
905,6497
906,6572
907,6572
908,6572
909,6572
910,6697
911,6705
912,6705
913,6705
914,6889
915,6889
916,6969
917,6969
918,6976
919,6976
920,7066
921,7079
922,7088
923,7100
924,7114
925,156
926,156
927,156
928,555
929,4114
930,4114
931,4114
932,4414
933,4464
934,4464
935,4464
936,4785
937,4785
938,4785
939,4785
940,4785
941,6195
942,6200
943,6200
944,6306
945,6306
946,6306
947,6480
948,6480
949,6480
950,6488
951,6488
952,6488
953,6488
954,6551
955,6551
956,6641
957,6660
958,6722
959,6722
960,6730
961,6739
962,6751
963,6927
964,6947
965,6947
966,6948
967,6950
968,6999
969,6999
970,7000
971,7000
972,7001
973,7004
974,7021
975,7021
976,7043
977,7049
978,7050
979,7073
980,7076
981,7105
982,7121
983,7123
984,2380
985,4389
986,4430
987,4491
988,4715
989,6179
990,6189
991,6231
992,6316
993,6466
994,150
995,303
996,377
997,454
998,4028
999,4030
1000,4071
1001,4214
1002,4302
1003,4308
1004,4410
1005,4706
1006,6031
1007,6032
1008,6083
1009,6115
1010,6125
1011,6141
1012,6144
1013,679
1014,679
1015,679
1016,1418
1017,1418
1018,1418
1019,4037
1020,4051
1021,4143
1022,4143
1023,4200
1024,4200
1025,4200
1026,4271
1027,4271
1028,4271
1029,4427
1030,4427
1031,4510
1032,4513
1033,4513
1034,4513
1035,4874
1036,4874
1037,4874
1038,4876
1039,5026
1040,5078
1041,5078
1042,5097
1043,5097
1044,5100
1045,5100
1046,5100
1047,5100
1048,5141
1049,5253
1050,5253
1051,5253
1052,5253
1053,6136
1054,6159
1055,6159
1056,6192
1057,6192
1058,6226
1059,6292
1060,6292
1061,6314
1062,6314
1063,6354
1064,6354
1065,6354
1066,6401
1067,6401
1068,6447
1069,6731
1070,6731
1071,6785
1072,6785
1073,6785
1074,6786
1075,6786
1076,6786
1077,6801
1078,6801
1079,919
1080,919
1081,2357
1082,2357
1083,2357
1084,2357
1085,2357
1086,2396
1087,2396
1088,2396
1089,2396
1090,2396
1091,4557
1092,4557
1093,4557
1094,4557
1095,4578
1096,4578
1097,4578
1098,4578
1099,4661
1100,4661
1101,4661
1102,4661
1103,4813
1104,4813
1105,4813
1106,4813
1107,5070
1108,5070
1109,5070
1110,5070
1111,5202
1112,5202
1113,5208
1114,5272
1115,5287
1116,5296
1117,934
1118,5292
1119,6746
1120,6869
1121,6869
1122,6869
1123,127
1124,127
1125,127
1126,127
1127,210
1128,473
1129,473
1130,802
1131,2184
1132,2184
1133,2184
1134,2187
1135,2187
1136,2187
1137,2187
1138,2315
1139,2315
1140,2315
1141,4061
1142,4061
1143,4067
1144,4332
1145,4332
1146,4340
1147,4340
1148,4424
1149,4431
1150,4856
1151,5040
1152,6229
1153,6229
1154,6229
1155,6229
1156,6236
1157,6236
1158,6236
1159,6236
1160,6386
1161,6394
1162,6542
1163,6548
1164,6886
1165,6911
1166,6911
1167,6942
1168,6966
1169,7078
1170,2121
1171,2121
1172,2121
1173,4224
1174,4224
1175,4428
1176,4428
1177,4428
1178,5278
1179,5278
1180,5282
1181,5282
1182,5282
1183,6197
1184,6283
1185,6283
1186,6287
1187,6415
1188,6415
1189,6563
1190,6563
1191,6564
1192,6629
1193,6629
1194,6690
1195,7117
1196,2201
1197,4234
1198,4434
1199,4503
1200,4649
1201,6250
1202,6269
1203,6275
1204,6278
1205,6417
1206,6419
1207,896
1208,896
1209,4003
1210,4275
1211,4506
1212,6343
1213,6362
1214,6534
1215,6534
1216,6593
1217,6601
1218,6655
1219,6658
1220,6707
1221,6734
1222,2146
1223,4076
1224,4076
1225,4076
1226,4086
1227,6016
1228,6016
1229,6025
1230,6025
1231,6038
1232,6038
1233,6038
1234,6097
1235,6097
1236,6097
1237,6175
1238,6175
1239,6175
1240,6175
1241,6396
1242,6396
1243,6396
1244,6476
1245,6476
1246,6476
1247,6632
1248,6632
1249,6632
1250,6632
1251,6691
1252,2351
1253,4469
1254,4469
1255,4469
1256,4469
1257,4512
1258,4512
1259,4512
1260,4512
1261,4556
1262,4556
1263,4556
1264,4556
1265,5091
1266,5280
1267,4380
1268,4531
1269,4594
1270,6213
1271,6220
1272,6221
1273,6300
1274,6373
1275,6376
1276,6405
1277,6406
1278,416
1279,416
1280,2392
1281,2392
1282,2392
1283,2392
1284,4404
1285,4404
1286,4404
1287,5047
1288,5234
1289,5234
1290,6039
1291,6039
1292,6057
1293,6057
1294,6057
1295,6063
1296,6063
1297,6063
1298,6113
1299,6113
1300,6251
1301,6251
1302,6251
1303,6309
1304,6309
1305,6347
1306,6347
1307,6429
1308,6429
1309,6429
1310,6462
1311,6462
1312,6462
1313,6487
1314,6487
1315,6524
1316,6524
1317,6595
1318,6597
1319,6597
1320,6597
1321,6813
1322,6917
1323,382
1324,382
1325,4043
1326,4043
1327,4199
1328,4199
1329,4199
1330,4453
1331,4453
1332,4453
1333,4855
1334,4855
1335,4855
1336,4855
1337,6100
1338,6100
1339,6100
1340,6119
1341,6133
1342,6133
1343,6133
1344,6428
1345,6428
1346,6439
1347,6517
1348,6517
1349,6543
1350,6543
1351,6550
1352,6550
1353,6550
1354,6550
1355,6624
1356,6750
1357,6750
1358,6775
1359,6775
1360,605
1361,680
1362,680
1363,680
1364,4507
1365,4507
1366,4507
1367,4514
1368,4514
1369,4514
1370,4514
1371,4891
1372,4891
1373,4891
1374,4891
1375,4896
1376,4896
1377,4896
1378,5214
1379,5214
1380,5243
1381,5243
1382,5243
1383,5243
1384,6559
1385,6559
1386,6559
1387,6559
1388,6683
1389,6721
1390,6721
1391,6724
1392,6724
1393,6724
1394,7015
1395,7015
1396,7060
1397,7083
1398,259
1399,259
1400,1427
1401,1427
1402,1427
1403,2234
1404,2234
1405,2234
1406,2234
1407,4148
1408,4148
1409,4148
1410,4197
1411,4197
1412,4198
1413,4210
1414,4210
1415,4210
1416,4210
1417,4301
1418,4604
1419,4604
1420,4765
1421,4928
1422,5132
1423,5132
1424,5132
1425,5132
1426,5132
1427,5185
1428,5185
1429,5185
1430,5185
1431,5200
1432,5200
1433,5200
1434,5200
1435,5228
1436,5228
1437,5228
1438,5266
1439,5266
1440,5266
1441,6024
1442,6024
1443,6024
1444,6147
1445,6147
1446,6147
1447,6173
1448,6173
1449,6173
1450,6203
1451,6203
1452,6203
1453,6232
1454,6241
1455,6330
1456,6330
1457,6330
1458,6330
1459,6348
1460,6357
1461,6357
1462,6357
1463,6433
1464,6433
1465,6433
1466,6436
1467,6436
1468,6512
1469,6512
1470,6512
1471,6512
1472,6512
1473,6549
1474,6549
1475,6549
1476,200
1477,272
