-7.364230632781982422e+00
-7.985658645629882812e+00
-8.234307289123535156e+00
-9.836962699890136719e+00
-9.541401863098144531e+00
-8.895750999450683594e+00
-8.726023674011230469e+00
-9.881035804748535156e+00
-9.596779823303222656e+00
-9.805429458618164062e+00
-9.985938072204589844e+00
-1.059815025329589844e+01
-1.079193496704101562e+01
-1.043460750579833984e+01
-1.071095085144042969e+01
-9.668026924133300781e+00
-7.112914085388183594e+00
-6.113906860351562500e+00
-8.437800407409667969e+00
-7.944684982299804688e+00
