6.293715834617614746e-01
-2.375705353915691376e-02
1.158422529697418213e-01
1.832860946655273438e+00
2.387355327606201172e+00
1.423964381217956543e+00
7.312424778938293457e-01
1.510495096445083618e-01
2.530934810638427734e+00
2.484619855880737305e+00
2.526624917984008789e+00
2.626994609832763672e+00
2.022622585296630859e+00
2.612441062927246094e+00
2.687082529067993164e+00
2.772431373596191406e+00
3.020513534545898438e+00
2.385029077529907227e+00
1.991387009620666504e+00
2.092785596847534180e+00
