-1.934348344802856445e-01
5.096072554588317871e-01
2.179311960935592651e-01
7.755267620086669922e-01
7.691552042961120605e-01
1.028005242347717285e+00
9.233714342117309570e-01
1.017986655235290527e+00
1.418610572814941406e+00
1.263414502143859863e+00
8.324345350265502930e-01
8.312317132949829102e-01
6.467273235321044922e-01
2.924180030822753906e-01
5.195184946060180664e-01
7.667645215988159180e-01
5.643731951713562012e-01
9.120368957519531250e-01
9.439872503280639648e-01
1.783722400665283203e+00
