-4.678920269012451172e+00
-5.388202190399169922e+00
-6.263762474060058594e+00
-6.977180480957031250e+00
-7.719350337982177734e+00
-8.564747810363769531e+00
-9.355333328247070312e+00
-9.302663803100585938e+00
-1.084775066375732422e+01
-1.114977836608886719e+01
-1.185265731811523438e+01
-1.171013164520263672e+01
-1.076540088653564453e+01
-1.108585548400878906e+01
-1.038055610656738281e+01
-1.077624607086181641e+01
-1.115087985992431641e+01
-1.083197879791259766e+01
-1.115321731567382812e+01
-1.100990200042724609e+01
