-3.109098434448242188e+00
-2.910003185272216797e+00
-3.270334720611572266e+00
-3.544816255569458008e+00
-3.809430360794067383e+00
-3.669027566909790039e+00
-3.186188220977783203e+00
-4.707900047302246094e+00
-5.159344196319580078e+00
-5.029345989227294922e+00
-5.975220680236816406e+00
-5.971633434295654297e+00
-6.246572017669677734e+00
-6.196780204772949219e+00
-6.348939895629882812e+00
-6.202013015747070312e+00
-9.397456169128417969e+00
-1.280463790893554688e+01
-9.737168312072753906e+00
-8.907249450683593750e+00
