1.568957686424255371e+00
-1.387879252433776855e+00
-2.236745119094848633e+00
-2.005357027053833008e+00
-2.345668315887451172e+00
-3.066000461578369141e+00
-2.576171875000000000e+00
-2.065902948379516602e+00
-3.045583248138427734e+00
-3.432076454162597656e+00
-3.580127239227294922e+00
-4.050908088684082031e+00
-4.462294578552246094e+00
-4.499989986419677734e+00
-5.356573581695556641e+00
-6.407361984252929688e+00
-6.736186504364013672e+00
-6.618852138519287109e+00
-6.842736244201660156e+00
-6.884951114654541016e+00
