1.419243335723876953e+00
7.603883147239685059e-01
8.927859663963317871e-01
2.632153034210205078e+00
3.186505317687988281e+00
2.218398094177246094e+00
1.528045892715454102e+00
9.518094658851623535e-01
3.373541593551635742e+00
3.324699163436889648e+00
3.362593173980712891e+00
3.462990999221801758e+00
2.865754604339599609e+00
3.451925277709960938e+00
3.526751756668090820e+00
3.611052036285400391e+00
3.859394788742065430e+00
3.224209308624267578e+00
2.830263614654541016e+00
2.919274091720581055e+00
