6.349845323711633682e-03
1.331279039382934570e+00
1.050059318542480469e+00
1.241461753845214844e+00
1.713379502296447754e+00
1.978320240974426270e+00
1.601734519004821777e+00
1.500220894813537598e+00
2.389453172683715820e+00
2.590406894683837891e+00
2.940080165863037109e+00
2.680153608322143555e+00
3.160446405410766602e+00
2.682990789413452148e+00
2.485443353652954102e+00
2.521671295166015625e+00
2.962205648422241211e+00
3.007266521453857422e+00
2.713840723037719727e+00
2.656617164611816406e+00
