-2.684576988220214844e+00
-2.490975856781005859e+00
-2.824880838394165039e+00
-3.099652767181396484e+00
-3.352718353271484375e+00
-3.212488174438476562e+00
-2.728955984115600586e+00
-4.262821674346923828e+00
-4.712383747100830078e+00
-4.582306861877441406e+00
-5.529045104980468750e+00
-5.526045322418212891e+00
-5.800929546356201172e+00
-5.751475334167480469e+00
-5.906755924224853516e+00
-5.760004997253417969e+00
-8.940544128417968750e+00
-1.233917427062988281e+01
-9.264055252075195312e+00
-8.432195663452148438e+00
