1.253506243228912354e-01
3.353903591632843018e-01
-5.105660557746887207e-01
-1.208995580673217773e+00
-1.810811400413513184e+00
-1.690572381019592285e+00
-1.204354166984558105e+00
-2.841645240783691406e+00
-3.256316423416137695e+00
-3.131833791732788086e+00
-4.175467014312744141e+00
-4.075217247009277344e+00
-4.585235118865966797e+00
-4.521180152893066406e+00
-4.781648635864257812e+00
-4.747161865234375000e+00
-8.127500534057617188e+00
-1.185756111145019531e+01
-8.056316375732421875e+00
-6.652036666870117188e+00
