-9.825200080871582031e+00
-1.051640892028808594e+01
-1.075248050689697266e+01
-1.232926464080810547e+01
-1.194201087951660156e+01
-1.129500389099121094e+01
-1.112358570098876953e+01
-1.237747097015380859e+01
-1.208106803894042969e+01
-1.228811645507812500e+01
-1.245511627197265625e+01
-1.308353710174560547e+01
-1.328794670104980469e+01
-1.293208408355712891e+01
-1.320571994781494141e+01
-1.219350814819335938e+01
-9.395868301391601562e+00
-8.323523521423339844e+00
-1.142998886108398438e+01
-1.225478267669677734e+01
