5.516764640808105469e+00
4.765622615814208984e+00
4.937130451202392578e+00
6.737350940704345703e+00
7.275876045227050781e+00
6.333169937133789062e+00
5.599565982818603516e+00
5.023568153381347656e+00
7.406322956085205078e+00
7.287329673767089844e+00
7.201825618743896484e+00
7.446893692016601562e+00
7.839390277862548828e+00
8.257248878479003906e+00
8.605989456176757812e+00
8.816747665405273438e+00
9.172541618347167969e+00
8.669090270996093750e+00
8.271664619445800781e+00
8.329604148864746094e+00
