-3.104427814483642578e+00
-5.741333961486816406e+00
-6.638312339782714844e+00
-6.170377254486083984e+00
-6.357297897338867188e+00
-6.974655151367187500e+00
-6.538891792297363281e+00
-6.029836177825927734e+00
-6.962976932525634766e+00
-7.349299430847167969e+00
-7.641472339630126953e+00
-8.160440444946289062e+00
-8.610496520996093750e+00
-8.806272506713867188e+00
-9.654343605041503906e+00
-1.051619338989257812e+01
-1.079998683929443359e+01
-1.057753849029541016e+01
-1.076594066619873047e+01
-1.073997879028320312e+01
