1.157378554344177246e+00
2.598135232925415039e+00
2.451700925827026367e+00
2.943547725677490234e+00
3.466919660568237305e+00
3.545533895492553711e+00
3.146556377410888672e+00
2.967390537261962891e+00
3.859845399856567383e+00
4.032782077789306641e+00
4.382369518280029297e+00
4.174805164337158203e+00
4.687932968139648438e+00
4.117209434509277344e+00
4.009487152099609375e+00
4.055513381958007812e+00
4.505562305450439453e+00
4.567537307739257812e+00
4.268562793731689453e+00
4.244207382202148438e+00
