-3.689534187316894531e+00
-4.513822555541992188e+00
-5.374682426452636719e+00
-5.995058059692382812e+00
-6.738249301910400391e+00
-7.599903106689453125e+00
-8.388932228088378906e+00
-8.467916488647460938e+00
-9.978094100952148438e+00
-1.028168678283691406e+01
-1.097395706176757812e+01
-1.082364368438720703e+01
-9.877388000488281250e+00
-1.020570755004882812e+01
-9.484605789184570312e+00
-9.897801399230957031e+00
-1.026907920837402344e+01
-9.968750953674316406e+00
-1.029135990142822266e+01
-1.014715003967285156e+01
