2.300717085599899292e-01
-4.030987918376922607e-01
-2.953150570392608643e-01
1.429317474365234375e+00
1.983471512794494629e+00
9.719852805137634277e-01
2.748469114303588867e-01
-3.179847300052642822e-01
2.035767555236816406e+00
1.922531723976135254e+00
1.868389964103698730e+00
2.070033311843872070e+00
2.470929384231567383e+00
2.892011404037475586e+00
3.185161113739013672e+00
3.465062618255615234e+00
3.759794712066650391e+00
3.290499448776245117e+00
2.911798954010009766e+00
2.969699382781982422e+00
