-2.350956678390502930e+00
-1.519064188003540039e+00
-1.760301947593688965e+00
-1.006097912788391113e+00
-8.931789994239807129e-01
-5.847524404525756836e-01
-5.912572145462036133e-01
-2.079478651285171509e-01
-1.231895908713340759e-01
-1.704376488924026489e-01
-6.438059806823730469e-01
-6.919133067131042480e-01
-8.301448225975036621e-01
-1.169870138168334961e+00
-8.779537081718444824e-01
-5.654410123825073242e-01
-5.950997471809387207e-01
-2.344167232513427734e-01
-9.513145685195922852e-02
1.306739449501037598e+00
