-5.150055885314941406e+00
-5.034241676330566406e+00
-5.796019554138183594e+00
-6.286196708679199219e+00
-6.867435455322265625e+00
-6.729429721832275391e+00
-6.306576728820800781e+00
-7.892296791076660156e+00
-8.303215026855468750e+00
-8.186736106872558594e+00
-9.126159667968750000e+00
-9.100239753723144531e+00
-9.479701042175292969e+00
-9.422953605651855469e+00
-8.650912284851074219e+00
-8.592927932739257812e+00
-1.185227680206298828e+01
-1.541787528991699219e+01
-1.198299503326416016e+01
-1.075326633453369141e+01
