2.469232019972168388e-02
2.720721306999669339e-02
2.676960450530469979e-02
2.697903988731763930e-02
2.674289098826652597e-02
2.747704965050607948e-02
2.414689732590756185e-02
2.353598573569555888e-02
2.765066657458246577e-02
2.577783098676248580e-02
2.495336281572287096e-02
2.458426545099652236e-02
2.642435017460297367e-02
2.754266818156948446e-02
2.457967163850871897e-02
2.404726178422112587e-02
2.744807729268727847e-02
2.552933246749488488e-02
2.701726341755149655e-02
2.854263526988243954e-02
2.730178970396552468e-02
2.467834922683658991e-02
2.809125925596893045e-02
2.643560083961351073e-02
2.698059006374385962e-02
2.549737349625296606e-02
2.696246273014018049e-02
2.519419869607186085e-02
2.752856195577673554e-02
2.827776657889656889e-02
2.657472409819801665e-02
2.566614254031798770e-02
2.688645122613135888e-02
2.599795888766967544e-02
2.775546363290865015e-02
2.655578344358604584e-02
2.551668378787435090e-02
2.575048831133534138e-02
2.765239056697709266e-02
2.774401364784910215e-02
2.625932170578150135e-02
2.533837183010883079e-02
2.829332589110467727e-02
2.424892377504914501e-02
2.644902267744884267e-02
2.696128940848734751e-02
2.745907627708806323e-02
2.471099957850530007e-02
2.403552734510156982e-02
2.660798300868409336e-02
2.753692902989578542e-02
2.775037642150713496e-02
2.511966924032413284e-02
2.803507795661939681e-02
2.690872346343173294e-02
2.559499997169501981e-02
3.015345885068756310e-02
2.706642089805726473e-02
2.567503931913469109e-02
2.952397488029578909e-02
2.773976985895826308e-02
2.536800324036286858e-02
2.746952194892754440e-02
2.888929739192934790e-02
2.722720910467575292e-02
2.700254150510594114e-02
2.657563942887277222e-02
2.891857602159574742e-02
2.807544405924278924e-02
2.601175165235928427e-02
2.728148336290793161e-02
2.712170665084552915e-02
2.871211928913449535e-02
2.675472876497755198e-02
2.702706784514807836e-02
2.525727765786203033e-02
2.554284403093723399e-02
2.605361454567349175e-02
2.653782455031718918e-02
2.625579593505825843e-02
2.740105574171504063e-02
2.536933685950531342e-02
2.628296097064506884e-02
2.758665750243461876e-02
2.436387798814520014e-02
2.487585764055526630e-02
2.569627978773790164e-02
2.521817490178289781e-02
2.563659971255972600e-02
2.502358990909435768e-02
2.761771627914946098e-02
2.611179522170147330e-02
2.582412089260592916e-02
2.647744863368338072e-02
2.614031572228030925e-02
2.566015279192178714e-02
2.738707503999287043e-02
2.505079504244463531e-02
2.434774614667545647e-02
2.555499996371559182e-02
2.619603809884972836e-02
2.568808779637964460e-02
2.843578753112370808e-02
2.709840616625269760e-02
2.896339935523676787e-02
2.787214385404782752e-02
2.689368876702836683e-02
2.472322466483933140e-02
2.801588667538563657e-02
2.517299451012371819e-02
2.566058472793008097e-02
2.660620636430538477e-02
2.640974807301772406e-02
2.469539660343354412e-02
2.731613194284350163e-02
2.677902990290020185e-02
2.794391898732933449e-02
2.900728075735308290e-02
2.715513741449238072e-02
2.766250612547174748e-02
2.587378350541116867e-02
2.751459322659977058e-02
2.507059014524842810e-02
2.618566140739887402e-02
2.700267609080134884e-02
2.680155588258108582e-02
2.844514858459892132e-02
2.961917914570009330e-02
2.455516341260205807e-02
2.790309556185685547e-02
2.770816006965964862e-02
2.447549712870301236e-02
2.732665834938965282e-02
2.586923025803226570e-02
2.768151864467977008e-02
2.659602083560864277e-02
2.798700562961269414e-02
2.844030160898590801e-02
2.802406572565039819e-02
2.788518591610023717e-02
2.540000873078600632e-02
2.620296010151183450e-02
2.674040174672645542e-02
2.825666108062135223e-02
2.832630749154650338e-02
2.746751661741951220e-02
2.735905152790258851e-02
2.724066795440212990e-02
2.587018924757304023e-02
2.457551992519110828e-02
2.729973612804811184e-02
2.639686467674023929e-02
2.693804904194362776e-02
2.673291808881715984e-02
2.499948497712254497e-02
2.842380873692532117e-02
2.462485882597215126e-02
2.636360820643324221e-02
2.556659089252077272e-02
2.723839240442647164e-02
2.686801305049207195e-02
2.610614947236447603e-02
2.681191609494533099e-02
2.469979628682268669e-02
2.783067315918645937e-02
2.499130230044503687e-02
2.668431501456790603e-02
2.658769228911964794e-02
2.757663657797331663e-02
2.630656789779239890e-02
2.565352177107667678e-02
2.776265761629078191e-02
2.572579116014851036e-02
2.848604910836240872e-02
2.639285126393276990e-02
2.545430073350548120e-02
2.768581286489103094e-02
2.535011663423965972e-02
2.537161975816500797e-02
2.475175660120269849e-02
2.879441829245276210e-02
2.839515294307838958e-02
2.551871931825616668e-02
2.540361936858257993e-02
2.558987773839372509e-02
2.605916003520201280e-02
2.927114605912423811e-02
2.896944991868358188e-02
2.738487557495232136e-02
2.645639099373262026e-02
2.703490054813683166e-02
2.509880400568478137e-02
2.642285092345592057e-02
2.594551358582286582e-02
2.637661542925450256e-02
2.735024012155024692e-02
2.531308482287322054e-02
2.564062637046874565e-02
2.767182379492872865e-02
2.656661624439649039e-02
