2.202205469484276243e-02
2.188330380249991006e-02
2.277998889937033616e-02
2.221707328254632005e-02
1.985200425322726850e-02
2.407417463957997258e-02
1.996602217032742571e-02
2.312822695469116813e-02
2.126866280303225595e-02
2.178961581837817255e-02
2.289966983799095884e-02
2.215448477475812777e-02
2.176361253642932272e-02
1.947245598821143592e-02
1.911435468359135373e-02
2.163290111847276931e-02
2.141598636624207630e-02
2.231452365572280522e-02
2.412524666834793899e-02
2.169278796040590568e-02
2.109800346678661689e-02
2.263380356516509623e-02
2.327339502987261707e-02
2.169397674765106282e-02
2.358500041621564708e-02
2.529156910798086022e-02
2.155137250755590622e-02
2.387055940058710121e-02
2.268786617620748708e-02
2.485935171607232125e-02
2.140937445357709093e-02
2.340270615961678388e-02
2.148171850079264034e-02
2.015614528771961927e-02
2.129377686519409382e-02
2.035013029491815340e-02
2.321377568243000386e-02
2.467545961869717017e-02
2.060142391675009316e-02
1.949335210604885224e-02
2.007217498825300886e-02
2.321243292967322541e-02
2.224672627174412165e-02
2.238616629212680093e-02
2.193115117424966273e-02
2.356664061805224114e-02
2.284451137938265514e-02
2.027362830459632226e-02
2.017425267691081922e-02
2.793958860863659036e-02
2.069781959293338219e-02
2.052878675302628741e-02
2.313052922544887174e-02
2.258435103670206057e-02
2.413628501675326582e-02
2.018646017378633237e-02
2.303631537603724813e-02
2.297578777234618799e-02
2.405364937146260013e-02
2.546919199345627424e-02
2.271248123133769517e-02
2.441918828187382429e-02
2.467475025006845429e-02
2.329337265223802370e-02
2.068291976633798018e-02
2.447800493593906695e-02
2.323729310601952910e-02
2.282649964124392611e-02
2.365172750724919490e-02
2.300673731200352651e-02
2.397556063047933533e-02
2.347801836871119333e-02
2.148482521031959414e-02
2.125123568469703891e-02
2.194080158343187509e-02
2.414691793246758617e-02
2.201349938367525710e-02
2.003770031924637443e-02
2.238817846455564906e-02
2.129844526754167897e-02
2.286053080205081509e-02
2.051345715162885761e-02
2.427133837409026912e-02
2.327706848129978967e-02
2.126235185909695555e-02
2.285023298309757367e-02
2.070991615165512778e-02
2.182315116848828132e-02
2.194551442020952273e-02
2.365766317899718404e-02
2.250317949331871389e-02
2.214416951980200526e-02
2.342275759878964872e-02
2.173703471841113496e-02
2.395618618507547315e-02
2.031509897513722115e-02
2.358553562385516666e-02
2.393431052443151935e-02
2.348042984644325634e-02
2.394055753505644826e-02
2.200094023457864825e-02
2.326644566149932078e-02
2.390297543114130313e-02
2.034738683110493690e-02
2.268209891576055889e-02
2.075366281653299311e-02
2.224662493302780389e-02
2.211038212283679416e-02
2.369482747067040013e-02
2.476293192508828914e-02
2.377015580659953831e-02
2.206926216828850040e-02
2.025605138007193634e-02
2.422568504744370549e-02
2.247737306827952627e-02
2.464019319221103996e-02
2.447773190901656251e-02
2.178977878443484270e-02
2.180096923881295196e-02
2.279538343643357917e-02
2.278913154927075455e-02
2.294225152322302771e-02
2.336407379804207249e-02
2.250376679764385518e-02
2.076413585212118912e-02
2.336459163761728589e-02
2.284450451412130961e-02
2.259645574304282659e-02
2.187006782089128548e-02
2.051050838177921956e-02
2.279679952843435831e-02
2.059177863814110748e-02
2.157996742146348762e-02
2.354983080614178950e-02
2.394216900180578048e-02
2.117627458972772339e-02
2.311223179089762214e-02
2.050141580025404558e-02
2.282894819649626539e-02
2.217404818326423194e-02
2.292968048644441342e-02
2.150085613283168190e-02
2.253153603333422558e-02
2.008956779341595361e-02
2.393146902268920156e-02
2.184871844017294285e-02
2.550972472611936354e-02
2.050722100622812821e-02
2.059938922013541604e-02
2.440043400704954360e-02
2.403101232771255244e-02
2.073372308339685791e-02
2.399178090267801988e-02
2.103018946499911335e-02
2.181766184893789082e-02
2.238809454601867893e-02
2.146860526111319528e-02
2.396584366995679199e-02
2.238735070957367096e-02
2.227263474159379628e-02
2.406150699519653616e-02
2.151898314712109156e-02
2.362055911416229351e-02
2.471789529671624894e-02
2.411551961494009730e-02
2.333811088667136699e-02
2.143391222357070997e-02
2.404011921679965330e-02
2.211250149822382299e-02
2.346387131910499663e-02
2.647817455773294332e-02
2.276883693345979273e-02
2.466086455869484842e-02
2.225170421341789509e-02
2.335495588659350016e-02
2.305283763117751267e-02
2.256915249496501547e-02
2.426720726401077402e-02
2.297045940484111412e-02
1.962540455492674599e-02
2.364103188477810480e-02
2.066827687489507584e-02
2.257779689335605994e-02
2.031867023166813654e-02
2.181635843262517971e-02
2.290692555790339174e-02
2.209229506513182839e-02
2.336736270347879868e-02
1.990352579805488784e-02
2.186486348949905761e-02
2.132615462435471371e-02
2.244775994104051403e-02
2.569972777827408961e-02
2.110079180855633715e-02
2.082455247931674913e-02
2.169802582081529693e-02
2.247021806601370159e-02
2.229373850754763978e-02
2.252777132613868055e-02
2.160338535208334784e-02
