2.163039170921957424e-02
2.319990055947586741e-02
2.264853843630394020e-02
2.277118985100030912e-02
2.368316428647439936e-02
2.057141139991871398e-02
2.236014397684907284e-02
2.355400152175336076e-02
2.362860050010141127e-02
2.112501401681557769e-02
2.196539512991700291e-02
2.419663363565898589e-02
2.127222317050505088e-02
2.231405947735152703e-02
2.330263533264647843e-02
2.420341760466536429e-02
2.225431057298012799e-02
2.367115464954622217e-02
2.071289460906582808e-02
2.358120480497891830e-02
2.225278117018114968e-02
2.097298385991892139e-02
1.959746668220047061e-02
2.145993782574579650e-02
2.561035756367249089e-02
2.274107706297565090e-02
2.218425006054485296e-02
2.436308714284569910e-02
2.151101420894668825e-02
2.057431712993007880e-02
2.108671144849604689e-02
2.179026771462597156e-02
2.377661601838471084e-02
2.019719932388323869e-02
2.239793916413822944e-02
2.201077389041412175e-02
2.116060133473774210e-02
2.202021059172391826e-02
2.332457995074947027e-02
2.134925142915439222e-02
2.403792264012779081e-02
2.151876472666214984e-02
2.573265349701574917e-02
2.104412722694206164e-02
2.240128233378312420e-02
2.061933443750510811e-02
2.511991388644701020e-02
2.312475593104204932e-02
2.136531117290203091e-02
2.217009742730832039e-02
2.194174702233275820e-02
2.363830853945732627e-02
2.316655898927751089e-02
2.332694006686585747e-02
2.022589113702940450e-02
2.315182749915427676e-02
2.173822760767592926e-02
2.505330209318817891e-02
2.283208937651890619e-02
2.510370103941057460e-02
2.284736470802977565e-02
2.080699967359150165e-02
1.889081700599045191e-02
2.344342478179388053e-02
2.220092079771539620e-02
2.288232020055743290e-02
2.437829775227391346e-02
2.014798291403987682e-02
2.351734643915637940e-02
2.223542129192413591e-02
2.272844188497137943e-02
2.246381856349419920e-02
2.362695681491674277e-02
2.415843164061505510e-02
2.233433347558183568e-02
2.168715380960816244e-02
2.006153552188992203e-02
2.372077264765955554e-02
2.205734633199810460e-02
2.287135731718417664e-02
2.369356625170115915e-02
2.263844907246192334e-02
2.172680022066670810e-02
2.210596238411058345e-02
2.407918522046522541e-02
2.320471344631246796e-02
2.303975101537375503e-02
2.213633202182207355e-02
1.917560271961923912e-02
2.288503281279073709e-02
2.454467305331248239e-02
2.421231612252918580e-02
2.283018359933333685e-02
2.324600069634964045e-02
2.530824193945405143e-02
2.323451141706422973e-02
2.285872213266063740e-02
2.473670786152778328e-02
2.219477581232193186e-02
2.376567521037756606e-02
2.478054118637289943e-02
2.409924741783153745e-02
2.464986738277319400e-02
2.251761994664858851e-02
2.450971850564614973e-02
2.303458144941087846e-02
2.366439717486894245e-02
2.066194334343430389e-02
2.195275761398380807e-02
2.219965353718027570e-02
2.044593289031623046e-02
2.418388146540693256e-02
2.370090861126386561e-02
1.880378924902296328e-02
2.626048107769645215e-02
2.409504640005467185e-02
2.295025788837289776e-02
2.398999978572051439e-02
2.037229368981495481e-02
2.419397885608746621e-02
2.120105133141865841e-02
2.208755659166663360e-02
2.103129291756018759e-02
2.206655859945253970e-02
2.587863327951065578e-02
2.392486285702536894e-02
2.273331532806100938e-02
2.183283829703415099e-02
2.108043454047458035e-02
2.113097959795854491e-02
2.627950837791111563e-02
2.135844989116202422e-02
2.562824729978432914e-02
2.437457710209137152e-02
2.393764802020909022e-02
2.376911636009551923e-02
2.346638496316958908e-02
2.438133163731213277e-02
2.363021974479207615e-02
2.518565759946274699e-02
2.219490580499402024e-02
2.316401416749458778e-02
2.384983834842332312e-02
2.000144579651796234e-02
2.024299564097992166e-02
2.260457245120720687e-02
2.360648515841961767e-02
2.283564751634552942e-02
2.250706132947393953e-02
1.911862976725923688e-02
2.088677039944874386e-02
2.054594359976332982e-02
2.366601792585754788e-02
2.098586629116019203e-02
2.439232532153449290e-02
2.444370454818419261e-02
2.446424047588790368e-02
2.193031312919695858e-02
2.296633787448138994e-02
2.309730164961308271e-02
2.106937503216958080e-02
2.070676453524412583e-02
2.316697522199528611e-02
2.381779330102226644e-02
2.309648110886692446e-02
2.262419275413106098e-02
2.220803361347128621e-02
2.237077595598455093e-02
2.043675548387304322e-02
2.183389145374234341e-02
2.131775914370289543e-02
2.347299110909940173e-02
2.147869095942326820e-02
2.078732174611758882e-02
2.246943249449524088e-02
2.404204385055050755e-02
2.050870596745672098e-02
2.135476170259689374e-02
2.501033849854537514e-02
2.530414583363963660e-02
2.334024147578382322e-02
2.044088246695189431e-02
2.486274699909051672e-02
2.323526493972134441e-02
2.233857974439154570e-02
2.270376256668560008e-02
1.959002244300322298e-02
2.129592009885767495e-02
2.210550696299284565e-02
2.405104734662519977e-02
2.262318758798004259e-02
2.117533693325215904e-02
2.023856243798672835e-02
2.314344487906267595e-02
2.452203942332167527e-02
2.368594622724975313e-02
2.249433479141682221e-02
2.001030787738227595e-02
2.132188975083264271e-02
2.529134144787050648e-02
