2.607186566485945531e-02
2.850173732976832297e-02
2.462114302136441529e-02
2.704646513163824068e-02
2.627738465912840549e-02
2.703497032188337951e-02
2.690312856647452192e-02
2.723786154626919864e-02
2.624368921647825953e-02
2.652803731992225966e-02
2.479031065428355732e-02
2.667218866464080712e-02
2.565256677768772836e-02
2.790486976342133538e-02
2.613103470032328984e-02
2.369082876103473581e-02
2.609568192033978606e-02
2.609964106006791226e-02
2.524486367607435902e-02
2.662395681447139381e-02
2.654983270938850518e-02
2.642519325261858537e-02
2.629297148460802563e-02
2.654246624739279789e-02
2.760551624517215696e-02
2.770654600946264104e-02
2.874176709167304208e-02
3.003705040871977247e-02
2.574177197793698843e-02
2.539499439680483611e-02
2.631197743379117687e-02
2.544579841814513868e-02
2.747562094423357595e-02
2.788193537514412762e-02
2.844680330622011491e-02
2.409656324517251910e-02
2.442731114686094024e-02
2.644581246170523217e-02
2.626168450169099125e-02
2.504637466343854341e-02
2.577297707136153720e-02
2.713081350479547987e-02
2.469651087254937441e-02
2.643175368443182946e-02
2.528446597051893160e-02
2.759506092331714261e-02
2.738765192562763601e-02
2.762761035227294729e-02
2.806223442494479997e-02
2.826709296304128968e-02
2.708061737502800298e-02
2.577139782242573313e-02
2.658269682079053564e-02
2.596664505766470982e-02
2.513471236272156115e-02
2.582229920204650100e-02
2.618973858429270857e-02
2.596910370507600138e-02
2.662309105534853629e-02
2.729039194901928742e-02
2.769912093689973903e-02
2.658478574533008551e-02
2.845637722257730526e-02
2.692572054323335087e-02
2.901581188891421553e-02
2.372867062429982049e-02
2.663800659264183371e-02
2.607360101048190187e-02
2.554867039262249603e-02
2.761496596052338132e-02
2.629561130838504665e-02
2.459111408389538789e-02
2.594832883255346334e-02
2.886696862163781047e-02
2.532610629479520314e-02
2.570277849734606268e-02
2.514671468814043062e-02
2.566457086626448142e-02
2.618631076938528549e-02
2.745797609289564109e-02
2.661718462408931701e-02
2.618704190656678810e-02
2.488498989029930969e-02
2.518564536387036396e-02
2.486011844841271717e-02
2.524356257607303020e-02
2.556581163549456054e-02
2.928724341656676125e-02
2.668777821087160024e-02
2.633179179799298095e-02
2.588434248731302789e-02
2.831049112971795179e-02
2.863337300487240472e-02
2.924630113094623535e-02
2.661367601246703019e-02
2.690873632966370860e-02
2.609027182967511502e-02
2.417235488240340735e-02
2.560246495745119311e-02
2.618665057001183863e-02
2.557542316835912863e-02
2.354474373851370844e-02
2.701391080349126519e-02
2.757461373916528236e-02
2.480959975328959205e-02
2.690996790237931702e-02
2.533255408121442079e-02
2.680213794579638931e-02
2.591077079224475208e-02
2.630042105275524553e-02
2.761130829013158650e-02
2.340413478147598467e-02
2.610188473149042607e-02
2.408284797821670306e-02
2.454805973050543794e-02
2.459685341079164214e-02
2.711666565761419734e-02
2.626228643448840633e-02
2.712566289346225040e-02
2.661787466163093724e-02
2.609767737614421962e-02
2.726307815974645180e-02
2.617704690965470121e-02
2.448406754474757169e-02
2.557387662436160294e-02
2.790045662870023133e-02
2.708483753225514670e-02
2.712251325961676993e-02
2.765510639186706879e-02
2.463435954222369800e-02
2.700693598540117660e-02
2.681698686066635168e-02
2.728331248591255379e-02
2.610249737090395566e-02
2.949396200739583598e-02
2.712092511759949323e-02
2.611556592237879865e-02
2.915852126934800198e-02
2.647097939590688578e-02
2.748690810524372433e-02
2.446367984888458275e-02
2.536409646959097985e-02
2.426464228380618288e-02
2.788739198925696550e-02
2.336795465296758953e-02
2.620451447329087344e-02
2.541399276255533121e-02
2.569008715052638683e-02
2.531555765715026718e-02
2.536355885839947089e-02
2.646974308085757802e-02
2.741727124975127522e-02
2.719634724664021092e-02
3.042014139288269289e-02
2.799702054425492331e-02
2.687288230194624303e-02
2.447205628422135029e-02
2.782215283833957067e-02
2.641755611617768035e-02
2.543462904140680880e-02
2.772666122254451720e-02
2.651971451867781576e-02
2.480675355209701824e-02
2.690616965087380685e-02
2.508083745256620145e-02
2.628288326950499812e-02
2.750535071492811109e-02
2.691289624529415517e-02
2.764748936873100485e-02
2.517014706603464338e-02
2.581790437029147720e-02
2.425923621449650042e-02
2.724411812904030741e-02
2.628005469706895525e-02
2.565881910483072681e-02
2.864651280321874743e-02
2.547352740716286174e-02
2.648674743420701902e-02
2.582285595572250680e-02
2.446537099254662839e-02
2.651473697458426454e-02
2.774058499033318914e-02
2.768316051053556354e-02
2.629847393184022233e-02
2.828496676625108508e-02
2.719180298647133620e-02
2.690184204815372279e-02
2.698410619017200737e-02
2.607349478813879642e-02
2.443813966497076010e-02
2.679533786431819234e-02
2.591689736576299752e-02
2.510227726121237041e-02
2.741235705528691224e-02
2.760936900192473287e-02
2.909266670371007946e-02
2.634954971967476411e-02
2.740288366819040172e-02
2.565981011970480674e-02
2.721979937504654876e-02
