2.858725395297489341e-02
2.714554555631448762e-02
3.041120824833173225e-02
2.617632272905930438e-02
2.633348202644208297e-02
2.719193008196694322e-02
2.701898366164001003e-02
2.953960993351574180e-02
2.817292271601887915e-02
2.652210073656461817e-02
2.606168096432846457e-02
2.775325946064686675e-02
2.632225149129693159e-02
2.531901586696704703e-02
2.569081995126596893e-02
2.720554683170050420e-02
2.531421537175355257e-02
2.620732297506601222e-02
2.635793130541492363e-02
2.764712140413102398e-02
2.556779343572909702e-02
2.339653182874396747e-02
2.600031320017667791e-02
2.658000615684517204e-02
2.711804798805635824e-02
2.498626739641384917e-02
2.832660249976939881e-02
2.867342543065704019e-02
2.702202131865500540e-02
2.525061701804022854e-02
2.544920457811729667e-02
2.390428407441073586e-02
2.772995328138252308e-02
2.531493278072063230e-02
2.539977214753275786e-02
2.863072909807743566e-02
2.701460423904299482e-02
2.674908959363365285e-02
2.400642701309498375e-02
2.662279025457112841e-02
2.675239397783025358e-02
2.774338112589656152e-02
2.450098065307713263e-02
2.496630385308409167e-02
2.613291909570861909e-02
2.797473918795069861e-02
2.680811957849605492e-02
2.806257056648138806e-02
2.589616635867342254e-02
2.659274499683886989e-02
2.706834976880586469e-02
2.398027628480754042e-02
2.813407212467104040e-02
2.652764730190185216e-02
3.020808978219755025e-02
2.759181709955506670e-02
2.553707173275310272e-02
2.708394628633406520e-02
2.638839522607050458e-02
2.675576712991587641e-02
2.525187275269683701e-02
2.683611829546147381e-02
2.691877329324590673e-02
2.481012462280967126e-02
2.679026146324511165e-02
2.841959687198601994e-02
2.852237693955402692e-02
2.450083591925274890e-02
2.424282591810809559e-02
2.936568506939908965e-02
2.791529030514564025e-02
2.642188896001299026e-02
2.573673126386000209e-02
2.622801420033870137e-02
2.885568078612030241e-02
2.427156500626818231e-02
2.755298261001543070e-02
2.661695208682254149e-02
2.558900127489548842e-02
2.848149650946573200e-02
2.628522763169353210e-02
2.921582875429053899e-02
2.623201011863088294e-02
2.654835579087604439e-02
2.857452773272536883e-02
2.536925934450336498e-02
2.611026043042675299e-02
2.897771688392654019e-02
2.328968537182429452e-02
2.651481480911195218e-02
2.649676994428340482e-02
2.848575654220404305e-02
2.679023593918705010e-02
2.886369007145923177e-02
2.557373576728993320e-02
2.554896845814736556e-02
2.482355019313532002e-02
2.700279521261133436e-02
2.665818945585016891e-02
2.536047645590128186e-02
2.774949379424707097e-02
2.960103970479235208e-02
2.684686767558470619e-02
2.508392040432847955e-02
2.661393121334541464e-02
2.604326501106555766e-02
2.675158608765500906e-02
2.652834939205019407e-02
2.942282446668058674e-02
2.841189797868799022e-02
2.624426857758057480e-02
2.861698679863301439e-02
2.540195452501387008e-02
2.785560874757714300e-02
2.683992724862977949e-02
2.789724668400762539e-02
2.764110284323369887e-02
2.637549511493106347e-02
2.647334978929204510e-02
2.692955880702985194e-02
2.661893152537232396e-02
2.457651752732378098e-02
2.825367737527809814e-02
2.619396571790321218e-02
2.786333602198649492e-02
2.494219413205456259e-02
2.582208170826027008e-02
2.787235251601296454e-02
2.761958313036309495e-02
2.641949735016591722e-02
2.529929707629902103e-02
2.590958172034872956e-02
2.677503771711809907e-02
2.810012416524724707e-02
2.593631810516356870e-02
2.577420882990239664e-02
2.833178906491088528e-02
2.778645570945528775e-02
2.656713672885925234e-02
2.571342278628420061e-02
2.516771988559119572e-02
2.730023131554966745e-02
2.754762594146229621e-02
2.600740004064402977e-02
2.663909901113128281e-02
2.651775899551286897e-02
2.565101264170110279e-02
2.554109614229883168e-02
2.503526116943701613e-02
2.529074068646600115e-02
2.626482108854011344e-02
2.819412367034131867e-02
2.674579632032778043e-02
2.607954094622479818e-02
2.669937552287594482e-02
2.469463728135083344e-02
2.784444913547835451e-02
2.853759214942968442e-02
2.581701399917182144e-02
2.771123327806422967e-02
2.561604703065826702e-02
2.573235533779897818e-02
2.468531129225544699e-02
2.809220360908260689e-02
2.635566980704926940e-02
2.571885814888649063e-02
2.602745938448045721e-02
2.852901019016717415e-02
2.649198342576503107e-02
2.695679469688548949e-02
2.482487882380210800e-02
2.490512196116138541e-02
2.603133392190612461e-02
2.704198064100844442e-02
2.450859439747011745e-02
2.830414589843662301e-02
2.906162276986730755e-02
2.665303326416995633e-02
2.692025046905474617e-02
2.701812815056610709e-02
2.906235570762087314e-02
2.481614493552033313e-02
2.785349140351443473e-02
2.650815860327159629e-02
2.566881731817304696e-02
2.667671909563324589e-02
2.614922358580316214e-02
2.633702737880513900e-02
2.681154133690630964e-02
2.679068248408569830e-02
2.658315088485622285e-02
2.547091809587234690e-02
2.692794151121363777e-02
2.567732727982070459e-02
3.029734416261499128e-02
2.521192948254608046e-02
2.858976194510073204e-02
2.537462849550701713e-02
2.552181880408843639e-02
2.579623084315472645e-02
