2.327879568323845683e-02
2.221625465502443872e-02
2.272538717478676112e-02
2.420127130169625815e-02
2.306250660969642527e-02
2.267022346244226827e-02
2.012029833112895932e-02
2.297920414027571773e-02
2.386172288968525096e-02
2.016678920275578185e-02
2.095289859512574140e-02
2.140161767015425626e-02
2.199466701373255922e-02
2.119641087277322061e-02
2.265178598379712430e-02
2.381780650087875900e-02
2.481056262958313691e-02
2.351652292578670228e-02
2.151065681525704196e-02
2.158206144053560413e-02
2.314337838863918945e-02
2.046202922355482706e-02
2.051901432535251785e-02
2.197574579851239648e-02
2.303209837405125263e-02
2.379912836328288914e-02
2.203742347852134797e-02
2.392765954864663550e-02
2.391418629140535171e-02
1.943144427030249477e-02
2.351749544924673294e-02
2.198613411980823024e-02
1.928370169034160017e-02
2.345969362473023997e-02
2.150058700910927392e-02
2.553113755956449779e-02
2.229877863091540499e-02
2.166023545895126579e-02
1.986032333069853023e-02
2.515618992056301712e-02
2.399062579320818123e-02
2.091212893720321292e-02
2.016010485181716355e-02
2.230313166808420289e-02
2.131773690553857500e-02
2.281032913682329299e-02
2.244177190511984984e-02
2.174843019245513778e-02
2.189571619142881287e-02
2.144740661896883324e-02
2.062428992469094585e-02
2.084296950229987122e-02
2.498904286366596811e-02
2.037484988122031243e-02
2.405813733445795119e-02
2.353240640962842717e-02
2.502372665658668741e-02
2.082635514992408482e-02
2.128221220785500231e-02
2.311253495239868824e-02
1.867554020867586220e-02
2.300430267535534187e-02
2.222302654295172514e-02
2.525552973248454403e-02
2.016446756416347130e-02
2.183344552604369812e-02
2.322272046766129736e-02
2.256158889005749693e-02
2.159942259482764554e-02
2.364630235708905029e-02
2.277649613292928241e-02
2.204666120926191200e-02
2.473093316356994587e-02
2.054702030730275186e-02
2.554219816475965937e-02
2.160684100799638296e-02
2.010104757293783642e-02
2.561857222362250858e-02
2.073260198144497024e-02
2.580155016699948317e-02
2.370393699467904930e-02
2.335773831873278264e-02
2.137114155720344633e-02
2.135833945120393235e-02
2.223716603635226413e-02
2.481806408192465882e-02
2.186022332899209900e-02
2.433905250943414061e-02
2.355903812698225894e-02
2.249030543851297803e-02
2.446371823494333450e-02
2.098386268935338236e-02
2.229028602761565225e-02
2.172305933881557571e-02
2.196261537531928043e-02
2.100938523134018160e-02
2.069609543180834718e-02
2.133918166792183810e-02
2.323179325916090859e-02
2.029250438190775135e-02
2.210810919061364718e-02
2.196321133396654177e-02
2.248904196401603148e-02
2.253727870229356445e-02
2.167100012872725037e-02
2.119425611793668979e-02
2.253837233751779939e-02
2.256246017165373235e-02
2.326398788416730173e-02
2.081081173178751104e-02
2.063657935424298429e-02
2.373984636276208968e-02
2.428851149522916197e-02
2.040056548023385166e-02
2.287070429165110122e-02
2.101451014873285256e-02
2.183004156017880060e-02
2.113293675146415279e-02
2.223647259953540414e-02
2.259341997639335159e-02
2.259350238929335591e-02
2.160314803732854214e-02
2.256835774052680030e-02
2.200206774407422947e-02
2.162580989019134009e-02
2.545410343728711153e-02
2.310830739476641554e-02
2.170222457697220872e-02
2.248362247470934300e-02
2.276206555668458878e-02
2.413740578192374517e-02
2.331313116391903889e-02
2.105966452664977118e-02
2.066991021548665944e-02
2.370167032106125851e-02
2.215730116096010713e-02
2.382662365172788163e-02
2.547809085425502967e-02
2.246649238218708516e-02
2.227493626460703632e-02
2.233044249637318804e-02
2.395270028975501550e-02
2.244323041023119775e-02
2.286467550109531205e-02
2.027511220801685859e-02
2.278180226407002656e-02
2.007825629983983964e-02
2.387993921984497142e-02
2.636865147383666425e-02
2.148617560779471011e-02
2.360580867051489951e-02
2.311762421005852247e-02
2.255322482604976003e-02
2.439371540626470575e-02
2.247980988745056433e-02
1.955452768027210117e-02
2.371998004749117928e-02
1.972765560639242952e-02
2.483887862420713563e-02
2.051887412499734525e-02
2.311764894837134432e-02
2.224951447649358566e-02
2.215747422449651505e-02
2.274241045196713495e-02
2.131293252568870755e-02
2.209844008091615269e-02
2.158689838240612086e-02
2.372271375451343728e-02
2.372927064000612124e-02
1.970503191975031543e-02
2.388784523663053938e-02
2.344852446424553621e-02
2.309458031463061667e-02
2.116719584072616206e-02
2.425138004650257556e-02
2.309288828040340774e-02
2.244897814896922375e-02
2.418337031578058488e-02
2.129444665833257061e-02
2.152049978134782521e-02
2.312645756344666736e-02
2.443523507080471585e-02
2.257136881651936738e-02
2.200102931054857130e-02
2.292560432021164413e-02
2.317320552473711368e-02
2.470222910716473458e-02
2.075638494473978565e-02
2.078964034943065614e-02
2.268614334645663311e-02
2.129267870190159478e-02
2.406529664635408475e-02
2.192497136009273831e-02
2.137186203243403304e-02
2.141612846456684288e-02
2.252113601609412319e-02
2.407319396836968967e-02
2.380469019731245098e-02
2.592542169894018061e-02
2.220894824766159875e-02
