2.487108627070608424e+00
2.496718317169601686e+00
2.561470210395193625e+00
2.588327801667792638e+00
2.620816531720319809e+00
2.661204127814854381e+00
2.681090861894267707e+00
2.697880286222460455e+00
2.724008951248013677e+00
2.753927381478816105e+00
2.762146773478384887e+00
2.795937208399928764e+00
2.840321873770300432e+00
2.877112113922079217e+00
2.887146704861078383e+00
2.947580059653087226e+00
2.950980325528060000e+00
2.967304994049489331e+00
3.044669613788899110e+00
3.056747254765623811e+00
3.075650599655642914e+00
3.106356606122899766e+00
3.175030389395006036e+00
3.189548932825987837e+00
3.212542062736758908e+00
3.228640080008871927e+00
3.253673332705387722e+00
3.255495268482348603e+00
3.270096938156913602e+00
3.374140744661074720e+00
3.387398743581721217e+00
3.397010791830405108e+00
3.423693540453019324e+00
3.498283176659281679e+00
3.498445263773173330e+00
3.533407050346910161e+00
3.595922111178599501e+00
3.621742402913542769e+00
3.671863779631716618e+00
3.682478306215075214e+00
3.692221941131541563e+00
3.703404389887020365e+00
3.703750795714160660e+00
3.767004835456655876e+00
3.785369379909638621e+00
3.791807816104177498e+00
3.876918823758015886e+00
3.942564486363307363e+00
3.972051609330143229e+00
3.981724292281848321e+00
3.987523672103702843e+00
4.046924295628926416e+00
4.059855905282054422e+00
4.075247394851035487e+00
4.076611424557283314e+00
4.125243779880439554e+00
4.141977027946447620e+00
4.183367738245845402e+00
4.189001476352113507e+00
4.273465493520580694e+00
4.322504239670029058e+00
4.337879905099198297e+00
4.364128122216582639e+00
4.397129763580521100e+00
4.407059822130841908e+00
4.413212038156665962e+00
4.471902241968692238e+00
4.494507872688093819e+00
4.497004528845051752e+00
4.539801201929249963e+00
4.544698431320841614e+00
4.562472192832915496e+00
4.586983351810925313e+00
4.605642036610064771e+00
4.621923703179475318e+00
4.635231924019739935e+00
4.636219822729136908e+00
4.673634727009802425e+00
4.718773951832380575e+00
4.728280195847268885e+00
4.741965879057737254e+00
4.796688341397080890e+00
4.847382355380919883e+00
4.858889695817511623e+00
4.893590927988855199e+00
4.911951586933607672e+00
4.921502651873382206e+00
4.966909598654275726e+00
5.048861527139611560e+00
5.061911386713319416e+00
5.207773242799431657e+00
5.255001941159795464e+00
5.320164339568442813e+00
5.323075643369453047e+00
5.352670525275017965e+00
5.407824757930120185e+00
5.514790293938482080e+00
5.623284297088298800e+00
5.739122549065223566e+00
5.768306407568705829e+00
5.777588835947735646e+00
5.791509959596830015e+00
5.828003036097949341e+00
5.867595044626803258e+00
5.882221873321242356e+00
5.891265351771168390e+00
5.905655426139469810e+00
5.936272978115420429e+00
5.944857102314888841e+00
5.962764613446999817e+00
5.976363220568638113e+00
6.009251886552362976e+00
6.050405876982376974e+00
6.074379865673172674e+00
6.096917678823429831e+00
6.123893077186838951e+00
6.180949453948386463e+00
6.221782767667014546e+00
6.420800578224985067e+00
6.431025902752924850e+00
6.467887857610492119e+00
6.472985013804086307e+00
6.489492878914362883e+00
6.532701404777665921e+00
6.546272324344906579e+00
6.561651452534389861e+00
6.638563412281189180e+00
6.699095181588853976e+00
6.704441792876360218e+00
6.706473243750045832e+00
6.707319656313212697e+00
6.726677963692604401e+00
6.734386207507032651e+00
6.785561151551503301e+00
6.885092789349682718e+00
6.902149750858758814e+00
6.966750878567504301e+00
7.003232511580137931e+00
7.048045938161694224e+00
7.093101600048571598e+00
7.174287403775594818e+00
7.200081350655986867e+00
7.208247722789425715e+00
7.243004970138526843e+00
7.328422162008008556e+00
7.343613862671696246e+00
7.348928169235434460e+00
7.352953518431790236e+00
7.368999288972641892e+00
7.527303651009287222e+00
7.562475526705551232e+00
7.568083815008981752e+00
7.630899449294649806e+00
7.632936729729554948e+00
7.639484849673538136e+00
7.658892572986689906e+00
7.690763668163232758e+00
7.726382460561051602e+00
7.840763710667146391e+00
7.850676356762049224e+00
7.875997842702500584e+00
7.880568950672881989e+00
7.882430179342618359e+00
7.929900799216485829e+00
7.941733185352170210e+00
7.947059226999154014e+00
8.019116061500966453e+00
8.044014546178834379e+00
8.063232770359679336e+00
8.234109519482627704e+00
8.250055021883987649e+00
8.270703699607564019e+00
8.306215166061463151e+00
8.345720454720192194e+00
8.411220771061588053e+00
8.412069630112913643e+00
8.447996469852650847e+00
8.463239794873800292e+00
8.471733535485874711e+00
8.478580946881319136e+00
8.479289893446356530e+00
8.500809344137580936e+00
8.548846704783343853e+00
8.553546753695911775e+00
8.560633101969415293e+00
8.644994859355344730e+00
8.663941114831942514e+00
8.697568223742091931e+00
8.744825524310854803e+00
8.763432887311349617e+00
8.786353210292128679e+00
8.826510810342398372e+00
8.838800139074635354e+00
8.917645822010987544e+00
8.939047262261038185e+00
8.965608698577833380e+00
8.967794206528601819e+00
8.980375595884854789e+00
9.073571051623236627e+00
9.081880213955475512e+00
