-4.938108530955878983e+00
-4.940870437361908785e+00
-5.027785273689287848e+00
-5.045175404915032580e+00
-5.084072507452741974e+00
-5.102645740213772818e+00
-5.108591702171098703e+00
-5.117513749397645029e+00
-5.156224482341252191e+00
-5.161957108744164913e+00
-5.238235370287665837e+00
-5.244393463760164131e+00
-5.245790922479259599e+00
-5.270732782136020589e+00
-5.303765167306183415e+00
-5.318690396963120293e+00
-5.401029931850854560e+00
-5.410967818354395220e+00
-5.459254071228889948e+00
-5.500848366214275309e+00
-5.540675082316066202e+00
-5.553167308076494280e+00
-5.629871277214435921e+00
-5.630476799800912424e+00
-5.693517410289765657e+00
-5.746513958720767867e+00
-5.758282171927467274e+00
-5.764581225852635882e+00
-5.779582132539756500e+00
-5.791043570316835698e+00
-5.802752727775630781e+00
-5.829363096866938321e+00
-5.883801662465300453e+00
-5.965684568762891438e+00
-6.015452886555713086e+00
-6.042106024563413946e+00
-6.046709728471496348e+00
-6.062171395684344155e+00
-6.082696706044727009e+00
-6.114433504723336021e+00
-6.129748863051061036e+00
-6.133460488015533230e+00
-6.135754822325111490e+00
-6.248352680258979497e+00
-6.287639455036501346e+00
-6.361981803958061121e+00
-6.382197610601743953e+00
-6.404669065116036286e+00
-6.406237719957946553e+00
-6.431472600677691887e+00
-6.466496059344268410e+00
-6.484070869821896288e+00
-6.501365211920218989e+00
-6.556321037617311553e+00
-6.578593054599587653e+00
-6.626672953075618544e+00
-6.641463165353080456e+00
-6.693613900594255206e+00
-6.700797405998891065e+00
-6.703962711182855472e+00
-6.734263665108960240e+00
-6.735968547971397768e+00
-6.740297644349165118e+00
-6.740637858706568508e+00
-6.765601390120717262e+00
-6.819998546691896202e+00
-6.939369173058698159e+00
-6.959592054487484525e+00
-6.968794974492056760e+00
-6.975409099121898215e+00
-7.009997091844084594e+00
-7.022220743640076535e+00
-7.024246657831046292e+00
-7.049709549048133184e+00
-7.063076103132798877e+00
-7.068394017377348959e+00
-7.070766325535759123e+00
-7.098929002830976387e+00
-7.113226856690019417e+00
-7.137431608896751101e+00
-7.150869777707109520e+00
-7.169737315828873747e+00
-7.187910287987718583e+00
-7.230997399920434887e+00
-7.236155772601081004e+00
-7.256269033045764871e+00
-7.288654154883309033e+00
-7.384100445317653971e+00
-7.415053442606405198e+00
-7.460925537103415550e+00
-7.469348226086681919e+00
-7.478098031399620815e+00
-7.511225639053086489e+00
-7.521951347586913528e+00
-7.592376273754897653e+00
-7.607353198630227631e+00
-7.638732811998542260e+00
-7.641749209076492910e+00
-7.660825249386478575e+00
-7.679014835589630827e+00
-7.691313055746148208e+00
-7.748109654802934010e+00
-7.803871248464597343e+00
-7.827822527533930597e+00
-7.840241868396685021e+00
-7.870584518971060817e+00
-7.920806097489863085e+00
-7.923860990196224030e+00
-7.930720276514338529e+00
-7.985791713828552574e+00
-7.991310844284985393e+00
-8.098056165985569876e+00
-8.102352762822938814e+00
-8.150540129029344882e+00
-8.195492310191918151e+00
-8.313494905281507030e+00
-8.344827906663605077e+00
-8.374556552464888171e+00
-8.379513012298035690e+00
-8.432047617941925921e+00
-8.474779817302069418e+00
-8.497207980184668941e+00
-8.561151025488074495e+00
-8.594241925039426633e+00
-8.624400051616085250e+00
-8.637051856659262228e+00
-8.643201900956217543e+00
-8.701432329843543201e+00
-8.707370798485996488e+00
-8.723249314948166244e+00
-8.734628754436680964e+00
-8.749579285276267271e+00
-8.795633274563071424e+00
-8.799914154535098731e+00
-8.821447206654278617e+00
-8.914282333651531331e+00
-8.931469640068600668e+00
-9.008553847265281078e+00
-9.023506385599574742e+00
-9.047869142602181114e+00
-9.060437328443580185e+00
-9.197972780534135140e+00
-9.203217913101299885e+00
-9.246367536974899437e+00
-9.273948415863603856e+00
-9.275048778386793202e+00
-9.281673141861961795e+00
-9.286804550690829885e+00
-9.342506622276106398e+00
-9.376961509787840043e+00
-9.468513463232676841e+00
-9.483886344252915990e+00
-9.506783382520008985e+00
-9.548035584519583452e+00
-9.627471826101373864e+00
-9.679175311719319552e+00
-9.801758255089506378e+00
-9.805112914675968128e+00
-9.914069992068096582e+00
-9.916082642028859695e+00
-9.939438761166423220e+00
-9.940004556150707771e+00
-9.962704390281114541e+00
-1.000284130626165080e+01
-1.001083226974096441e+01
-1.001585472532490861e+01
-1.004260529885295306e+01
-1.014268582675247288e+01
-1.022238966257046577e+01
-1.027683125495546435e+01
-1.028963544009767261e+01
-1.037899415765988387e+01
-1.038323863157014948e+01
-1.040125493681587088e+01
-1.040527985812289735e+01
-1.042200908017371752e+01
-1.042483052817388156e+01
-1.042671042089207489e+01
-1.047767351423813942e+01
-1.048506341423030186e+01
-1.051984694618533211e+01
-1.056432547142339828e+01
-1.056811926590936856e+01
-1.057550883864398727e+01
-1.068370786644812043e+01
-1.071846383082687382e+01
-1.072273946019508806e+01
-1.075073972980790238e+01
-1.077142908485480710e+01
-1.078003328436393815e+01
-1.081333847037301688e+01
-1.083775077948527432e+01
-1.084485345029739989e+01
-1.085118628543950337e+01
-1.085757575329674651e+01
-1.088848242701251579e+01
-1.090540550684333176e+01
-1.091191184958589488e+01
-1.094371404410622617e+01
-1.096902310686114213e+01
