-9.792052823411111717e+00
-4.087928366541829561e+00
-6.253259976067089276e+00
-7.573281006449337660e+00
-1.195541545961987850e+01
-1.195565424867159443e+01
-1.292497223953482610e+01
-4.924856156828141707e+00
-7.548961383742232911e+00
-6.490081479819149735e+00
-1.329621350647155609e+01
-3.897892463596255297e+00
-5.258817856075824082e+00
-1.139784280428506591e+01
-1.169993282464970363e+01
-1.168429535245100581e+01
-1.048800179470057614e+01
-8.304911326840844765e+00
-9.223744315443052955e+00
-1.061683151203938458e+01
-7.442656342248443302e+00
-1.211901077954478545e+01
-1.060776797950133954e+01
-9.873017751392453079e+00
-8.984907156251344063e+00
-5.726757982209164766e+00
-1.152322955663223780e+01
-8.409079059705245385e+00
-7.635095768265779625e+00
-1.304014091407202258e+01
-7.485305966175760162e+00
-1.181181117549581394e+01
-1.285598922944573275e+01
-4.106033181192000114e+00
-3.940242872561862342e+00
-5.496866253647034739e+00
-1.048432368518363056e+01
-1.253304607133680015e+01
-6.726093037529646601e+00
-9.142490311977947925e+00
-1.229182147503668965e+01
-8.597748589898426275e+00
-1.315955364095933788e+01
-4.497728019420057066e+00
-1.093807818215983296e+01
-6.941029384895577969e+00
-1.041406034671483205e+01
-8.351326590339672507e+00
-8.087568234501532061e+00
-1.166994089029728165e+01
-3.901112185130870103e+00
-5.826185048724966009e+00
-4.198960478514527139e+00
-4.641209230766277116e+00
-7.580790209770256638e+00
-4.373445073271142292e+00
-1.262392422968599703e+01
-1.155976966205046175e+01
-1.305224983978567366e+01
-1.027922972544368285e+01
-9.652094832074126884e+00
-1.081364458543843021e+01
-5.295498659395899921e+00
-9.968142065733466950e+00
-1.071874835409493087e+01
-8.127308776733340068e+00
-1.210485017274984898e+01
-5.558249890535006621e+00
-1.276194862757026804e+01
-3.729819327654878336e+00
-5.854776783963091091e+00
-1.153271475281169245e+01
-1.344533104047633643e+01
-5.426931858297141531e+00
-6.502112295908590411e+00
-6.282829036394224964e+00
-5.864423567809136983e+00
-1.276695794783250548e+01
-9.951189287411700946e+00
-1.235289631070121530e+01
-4.955276083831623879e+00
-7.329348544407176647e+00
-1.022410955395877252e+01
-1.287077233216836625e+01
-1.042127501501494358e+01
-1.028068511193520429e+01
-6.276898834453165321e+00
-7.188181033583389556e+00
-4.716593848494367691e+00
-8.825072240896702169e+00
-1.231601696521081379e+01
-6.438876606492349275e+00
-5.968228018692714798e+00
-7.943355744061987522e+00
-5.867424918449845705e+00
-8.611423595992530267e+00
-8.324944989118257865e+00
-9.267343918250357859e+00
-1.324835064523345807e+01
-1.243187487276628644e+01
-1.318885106170133170e+01
-7.199536928488574183e+00
-1.038787578734436678e+01
-8.465150157469441439e+00
-4.515091908131678267e+00
-1.103200693142613886e+01
-9.437209061947264388e+00
-6.020043728423817520e+00
-1.123489816163293753e+01
-1.273789889269494857e+01
-1.063146061615369575e+01
-1.190390925618535611e+01
-4.295993241808526264e+00
-5.499608242312271855e+00
-7.229302810546807123e+00
-4.872540157141594719e+00
-5.543646438698766943e+00
-1.165295641702824447e+01
-4.663665914949220337e+00
-8.160511805035056909e+00
-5.506342463875780524e+00
-4.628696130757417038e+00
-1.035176559777854699e+01
-1.241048594717599940e+01
-1.124344189083477730e+01
-9.271632892600063514e+00
-5.401653817367318311e+00
-4.978767225762199544e+00
-1.343117390774121134e+01
-8.443601704482098569e+00
-9.367631068827087404e+00
-1.130113267633977081e+01
-1.231333286339654087e+01
-1.015760980310408357e+01
-4.165193931266060190e+00
-1.030029097299452268e+01
-8.363972844740676038e+00
-6.540112306937738929e+00
-9.900066936444989807e+00
-3.879357381062488841e+00
-3.971771780073098057e+00
-1.100735527132889402e+01
-8.577239791665384416e+00
-1.052130473281398082e+01
-1.068007910566307039e+01
-1.313481922119012602e+01
-7.465313093599021066e+00
-8.523477670034271370e+00
-1.299036036262510585e+01
-1.074140000405754591e+01
-4.508167728930128959e+00
-1.112833728239697351e+01
-1.206554076629689121e+01
-8.654417673252126519e+00
-3.742060504305053215e+00
-1.110365281203614529e+01
-6.845858080681802349e+00
-5.959965808245695662e+00
-1.114738831447524348e+01
-6.290658148742590328e+00
-9.858946986079391905e+00
-7.240172277123562594e+00
-7.228055863467142572e+00
-8.195830627659891121e+00
-1.260613127646135823e+01
-5.230505293666544375e+00
-1.032427735677981495e+01
-1.165346674704144370e+01
-1.309632609860783781e+01
-7.650159862436406222e+00
-6.792112817761403853e+00
-1.333578049361422480e+01
-8.430278722837119432e+00
-1.125769182554041414e+01
-7.112789374946446586e+00
-1.177377235285058532e+01
-6.659716392785586692e+00
-9.671320071624679215e+00
-4.226373111506328328e+00
-1.213854265295466739e+01
-1.012344312460244034e+01
-1.237661213971816743e+01
-4.345533179042227800e+00
-4.814340401528287572e+00
-1.094637788561995961e+01
-6.966157944261627044e+00
-5.409500218007963213e+00
-8.003511965165323261e+00
-8.256459274275535165e+00
-1.110566232008552845e+01
-1.257828259872159826e+01
-4.617563996262065373e+00
-4.585861234083028037e+00
-7.232295572994646982e+00
-1.014360506861786249e+01
-1.004282521133465700e+01
-6.313038779184630300e+00
-4.618608426469487327e+00
-4.717844399775337649e+00
-5.779232096009523367e+00
