-1.632817979594837432e+00
8.162143208968576147e+00
4.443897010793886437e+00
2.177194231349622200e+00
-5.347683112478579304e+00
-5.348093154284555339e+00
-7.012578593140609051e+00
6.724994478173897505e+00
2.218955199634550013e+00
4.037233822532773075e+00
-7.650063596971358848e+00
8.488467486753904723e+00
6.151524893607168920e+00
-4.390235118469305142e+00
-4.908975557479289265e+00
-4.882123332491625334e+00
-2.827881869687859151e+00
9.208593377480429609e-01
-6.569346830840316898e-01
-3.049104616633287357e+00
2.401499210280450214e+00
-5.628604368915288703e+00
-3.033540974901291598e+00
-1.771848664007240615e+00
-2.468102683103889916e-01
5.347991343681231413e+00
-4.605545703307884153e+00
7.419854530313969576e-01
2.071047670654721173e+00
-7.210342983760038571e+00
2.328262482324452876e+00
-5.101089897316043675e+00
-6.894122919250248671e+00
8.131054133306665932e+00
8.415744562267509110e+00
5.742754917979839391e+00
-2.821565924052698016e+00
-6.339574061891473988e+00
3.631961450706667094e+00
-5.174076064267776331e-01
-5.925350007638759742e+00
4.180074718915935961e-01
-7.415395141041287275e+00
7.458446835339294978e+00
-3.600740312799712406e+00
3.262878834017692853e+00
-2.700911706480013663e+00
8.411563600227829340e-01
1.294074748835754463e+00
-4.857474256066040219e+00
8.482938671997494851e+00
5.177257997138948298e+00
7.971482006591214642e+00
7.212064957270030163e+00
2.164299639788447749e+00
7.671861995392985634e+00
-6.495627465117368438e+00
-4.668291338874531959e+00
-7.231136088520853100e+00
-2.469384377024506527e+00
-1.392486075278806190e+00
-3.387066459843769195e+00
6.088537655582799246e+00
-1.935193446208982593e+00
-3.224113335314527262e+00
1.225833413690223139e+00
-5.604288175429035235e+00
5.637348672818674800e+00
-6.732639057443895680e+00
8.777077922208793126e+00
5.128161078043175891e+00
-4.621833413919069322e+00
-7.906124008898759215e+00
5.862844283732179917e+00
4.016574845409490280e+00
4.393121856696783567e+00
5.111595893661077028e+00
-6.741240920520463753e+00
-1.906082614747365511e+00
-6.030225988072794863e+00
6.672758239885089537e+00
2.596068156068485067e+00
-2.374733577504963833e+00
-6.919508045137598096e+00
-2.713300530833742563e+00
-2.471883525545299776e+00
4.403305031747089870e+00
2.838477013038623653e+00
7.082616623797552080e+00
2.765372775313856835e-02
-5.966897819048870844e+00
4.125161382790915710e+00
4.933345826487256502e+00
1.541712358681435191e+00
5.106442059227536134e+00
3.945251381946430769e-01
8.864580994938986436e-01
-7.318026879046559685e-01
-7.567874845350381463e+00
-6.165845741113824552e+00
-7.465703843325517397e+00
2.818976991484266392e+00
-2.655948321702446435e+00
6.457017497999473221e-01
7.428630056743580568e+00
-3.762032104469126281e+00
-1.023490308394294779e+00
4.844369355231826546e+00
-4.110431186642418133e+00
-6.691341532910518808e+00
-3.074225300465943889e+00
-5.259238116681924424e+00
7.804860089823742797e+00
5.738046452595089164e+00
2.767863860677199028e+00
6.814830033191201508e+00
5.662425307284946641e+00
-4.828308998937391294e+00
7.173502974329622361e+00
1.168818112566063050e+00
5.726482637789063190e+00
7.233552098699384203e+00
-2.593940925478314341e+00
-6.129117283029494878e+00
-4.125102236786991838e+00
-7.391675933536427934e-01
5.906251020682383057e+00
6.632419915357838036e+00
-7.881813780969758376e+00
6.827041438186167710e-01
-9.040129464707575835e-01
-4.224167221997586097e+00
-5.962288755327392664e+00
-2.260542086138324969e+00
8.029464966512826152e+00
-2.505550155647161326e+00
8.194405696372228931e-01
3.951322301218024080e+00
-1.818296759552001873e+00
8.520295406256330750e+00
8.361604014015892261e+00
-3.719700970968808917e+00
4.532246001705519944e-01
-2.885068733114915851e+00
-3.157711595583050368e+00
-7.372921894972942702e+00
2.362593677658246349e+00
5.455433948906449615e-01
-7.124861228750180686e+00
-3.263010107977605934e+00
7.440520061433112176e+00
-3.927447858661468949e+00
-5.536787174449207427e+00
3.206969247185718075e-01
8.756057719880210755e+00
-3.885060384304493297e+00
3.426304305899934732e+00
4.947533460588198650e+00
-3.960161752129205404e+00
4.379677926401612353e+00
-1.747686743772694840e+00
2.749199120090851878e+00
2.770005082935210083e+00
1.108169629270893353e+00
-6.465073909075059078e+00
6.200142425017045156e+00
-2.546738895480491038e+00
-4.829185323202477953e+00
-7.306822593569012980e+00
2.045180034200111407e+00
3.518594151318801266e+00
-7.718006908226445084e+00
7.055819910877758616e-01
-4.149571821635055002e+00
2.967937436960648157e+00
-5.035770706915145389e+00
3.745941547741921340e+00
-1.425499112890864062e+00
7.924409808524487175e+00
-5.662143949518114283e+00
-2.201872032145605118e+00
-6.070950138909985583e+00
7.719791510735566575e+00
6.914769007476676776e+00
-3.614992328842355107e+00
3.219728782581043447e+00
5.892777403420669913e+00
1.438413797190859711e+00
1.004059832052110579e+00
-3.888511054692321167e+00
-6.417252947299713739e+00
7.252667885206554033e+00
7.307106971776617499e+00
2.762724773645555132e+00
-2.236493552172088783e+00
-2.063437231584765108e+00
4.341246540794069020e+00
7.250874419193809928e+00
7.080469212506994126e+00
5.257884279579606357e+00
